Integers:
63
33
43
7
87
Doubles:
79.15690180002336
38.786289148734255
87.2694262805163
71.23612927531352
3.563354339520053
--------------------
Integers:
72
3
89
95
50
Doubles:
40.851576976365266
48.87139101088407
72.11454394678385
39.427119345602065
45.075988263681936
--------------------
Integers:
31
24
45
33
20
Doubles:
43.4319105736644
18.14109963438645
87.57768118979186
67.3156666502248
21.257083267546374
--------------------
Integers:
74
38
42
29
42
Doubles:
35.64683793741237
97.49550443692388
56.21361191568527
72.1107895036058
16.951740239695656
--------------------
Integers:
61
85
92
5
55
Doubles:
1.7329408011363956
84.36372380645497
70.19334761763572
30.6358851722199
13.956619304762219
--------------------
Integers:
18
7
57
4
8
Doubles:
93.46069840225174
79.48824916786305
27.42497370969017
42.38784847894289
75.06119286836444
--------------------
Integers:
12
38
26
77
10
Doubles:
41.52895140169722
97.80388223842273
43.5820673836529
69.0396148400084
66.82621166317634
--------------------
Integers:
88
21
72
68
8
Doubles:
56.136348365150425
32.266268152545706
21.853476229596236
49.492505292366474
36.253535447607945
--------------------
Integers:
87
78
25
13
95
Doubles:
69.00837335627598
74.60322554193836
17.14722900553951
33.564579771024825
35.470266594385755
--------------------
Integers:
78
68
4
40
43
Doubles:
50.180066326610806
74.99811024194356
97.7053367337215
9.754121749130773
23.31747784456808
--------------------
